aliases: {soc: Qick233}
device:
  qubit:
    T1: [36.38, 5.3, 30.48, 22.91, 0.0, 0.0]
    T2e: [200, 200, 200, 200, 200, 200]
    T2r: [50.58, 9.69, 12.4, 15.98, 100, 100]
    f_EgGf: [2000, 2000, 2000, 2000, 2000, 2000]
    f_ef: [3470, 3332.9415, 3372.0636, 3568.6965, 3000, 3000]
    f_ge: [3653.7878, 3516.0218, 3552.288, 3751.2724, 3300, 3300]
    kappa: [-0.1177, 0.2439, 0.1009, 0.2421, 0, 0]
    pulses:
      pi_ef:
        gain: [9563, 3985, 10000, 6787, 10000, 10000]
        sigma: [0.1, 0.1, 0.1, 0.1, 0.1, 0.1]
        type: [gauss, gauss, gauss, gauss, gauss, gauss]
      pi_ge:
        gain: [8435, 7729, 11200, 4279, 1000, 9212]
        sigma: [0.1, 0.1, 0.1, 0.1, 0.05, 0.05]
        type: [gauss, gauss, gauss, gauss, gauss, gauss]
  readout:
    Max_amp: [1, 1, 1, 1, 1, 1]
    chi: [0.1485, 0.054, -0.2516, 0.132, 0.0, 0.0]
    fidelity: [0.7402, 0.4347, 0.6141, 0.686, 0, 0]
    frequency: [167.5712, 239.3649, 356.6066, 494.883]
    gain: [0.3, 0.1, 0.4, 0.4]
    kappa: [0.0311, 0.59, 0.93, 0.0301, 0, 0]
    phase: [41.04954879818434, 52.176, 95.047, 6.879, 0, -75.5]
    readout_length: [4, 1.5, 5.5, 4, 5, 5]
    relax_delay: [250, 200, 200, 200, 1000, 1000]
    threshold: [-53.48164411114931, 0.9076, -168.2061, 0.0135, 10, 10]
    trig_offset: [120, 150, 150, 150, 500, 500]
hw:
  soc:
    adcs:
      readout:
        ch: [0, 0, 0, 0, 0, 0]
    dacs:
      qubit:
        ch: [0, 0, 0, 0]
        nyquist: [2, 2, 2, 2]
        type: [full, full, full, full]
      readout:
        ch: [6, 6, 6, 6]
        mixer_freq: [6000, 6000, 6000, 6000]
        nyquist: [1, 1, 1, 1]
        type: [mux4, mux4, mux4, mux4]
