aliases: {soc: Qick233}
device:
  qubit:
    T1: [17.13, 5.3, 28.65, 22.91, 0.0, 0.0]
    T2e: [200, 200, 200, 200, 200, 200]
    T2r: [41.0, 9.69, 32.61, 15.98, 100, 100]
    f_EgGf: [2000, 2000, 2000, 2000, 2000, 2000]
    f_ef: [3470, 3332.9415, 3372.0636, 3568.6965, 3000, 3000]
    f_ge: [3653.7711, 3516.0218, 3552.3094, 3751.262727895484, 3300, 3300]
    kappa: [0.1827, 0.2439, 0.208, 0.2421, 0, 0]
    pulses:
      hpi_ge:
        gain: [8596, 7729, 9483, 4279, 1000, 9212]
        sigma: [0.1, 0.1, 0.1, 0.1, 0.05, 0.05]
        type: [gauss, gauss, gauss, gauss, gauss, gauss]
      pi_ef:
        gain: [9563, 3985, 10000, 6787, 10000, 10000]
        sigma: [0.1, 0.1, 0.1, 0.1, 0.1, 0.1]
        type: [gauss, gauss, gauss, gauss, gauss, gauss]
      pi_ge:
        gain: [8596, 7729, 9483, 4252, 1000, 9212]
        sigma: [0.2, 0.1, 0.1, 0.1, 0.05, 0.05]
        type: [gauss, gauss, gauss, gauss, gauss, gauss]
  readout:
    Max_amp: [1, 1, 1, 1, 1, 1]
    chi: [0.1485, 0.054, -0.2516, 0.132, 0.0, 0.0]
    fidelity: [0.773, 0.4347, 0.685, 0.686, 0, 0]
    frequency: [6167.5712, 6239.3649, 6356.6066, 6494.8269, 7000, 6494.8922]
    gain: [320, 300, 300, 300, 15000, 400]
    kappa: [0.504, 0.59, 0.93, 2.0547, 0, 0]
    phase: [-11.462619066644715, 52.176, -14.288, 71.27198069205166, 0, -75.5]
    readout_length: [3, 1.5, 10, 10, 5, 5]
    relax_delay: [250, 200, 200, 200, 1000, 1000]
    threshold: [-0.4605573374087468, 0.9076, -0.8322, 0.06402491359334772, 10, 10]
    trig_offset: [500, 350, 500, 500, 500, 500]
hw:
  soc:
    adcs:
      readout:
        ch: [0, 0, 0, 0, 0, 0]
    dacs:
      qubit:
        ch: [0, 0, 0, 0, 0, 0]
        nyquist: [1, 1, 1, 1, 1, 1]
        type: [full, full, full, full, full, full]
      readout:
        ch: [6, 6, 6, 6, 2, 2]
        mixer_freq: [0, 0, 0, 0, 0, 0]
        nyquist: [2, 2, 2, 2, 2, 2]
        type: [mux, mux, mux, mux, mux, mux]
